45543
8069
19967
125
45976
12934
33274
28506
33069
30074
10837
39057
2866
15038
23084
31895
31228
19511
34921
14027
22029
30569
30759
36696
32362
9862
42136
19228
23154
19268
34245
29878
9428
11135
41799
26517
7710
10128
34632
36313
18656
15986
41969
49533
38993
39791
21722
7252
24225
38773
30842
46915
26333
24156
11429
19420
32699
18870
651
7982
34762
27687
14505
16675
16177
15787
2970
37188
30212
44255
15489
14231
42690
33759
10792
14411
29965
39134
7041
20802
45918
23143
21216
6521
21970
45248
30394
15442
47451
12019
3521
38747
10029
36396
28236
17857
31487
43769
1563
3311
12354
6000
41709
40767
22910
5122
28482
12495
29164
15163
43611
47809
43026
1485
16062
33663
807
39954
6035
9238
37231
34912
29767
23040
8832
40039
9797
22404
21497
21037
13804
45155
48977
1176
34058
41830
46952
17019
36243
1371
26387
12657
6647
18353
49305
30908
27117
22260
920
43734
40455
14884
23582
26782
9923
46066
34804
41466
3323
39370
15513
9928
42079
48070
39357
2909
48854
14480
46050
44346
42893
32871
32412
28171
34039
35458
1722
22828
31984
42819
30390
3401
30481
4309
21038
3947
633
24000
36823
42873
7866
39630
44772
46322
40438
36922
32746
18085
5508
28992
36023
24143
47283
7316
18005
11756
32027
35703
39161
1154
40035
23008
36656
3826
12524
3739
13066
7967
18618
26228
13127
24879
39678
9679
21155
10253
16475
41331
6267
18621
14873
27741
5513
27843
36847
26355
26025
39020
36808
27678
16778
41672
32422
44639
4766
15498
29680
42358
48650
6686
21514
33704
47361
21358
13783
13018
6968
33517
7899
47497
7257
7321
43937
34951
35904
47934
20148
39295
5025
16546
35098
3823
21989
34272
23939
21620
34552
2965
33123
14622
19675
11537
22347
33543
11903
4590
12874
41778
18653
33012
46306
31842
27010
25146
4644
35951
7486
2274
38959
1085
49537
49923
36687
34288
36947
3742
13847
12804
41684
24956
13802
4279
22277
33988
1956
44393
8527
10984
36472
40627
43594
2519
24717
9850
10227
32853
7881
37701
20263
44779
2040
24646
30367
22785
41142
17908
41558
34542
4870
14950
40952
10460
48895
6754
46533
17751
46469
26478
38721
13049
49261
15823
7916
43373
18039
4105
44817
29687
43298
43111
7247
28106
43258
640
43917
33973
13949
40653
12692
200
4596
19732
26502
25565
15071
48723
5878
25966
23686
37113
18976
41275
16218
48526
49296
4786
39697
49088
34674
3168
21313
4276
16782
40206
46170
41515
26429
33366
11371
25569
23036
32198
5268
49639
45227
30727
30813
11124
31197
17555
39889
32648
25039
33141
17603
40096
3369
103
14973
204
38122
23097
46388
6854
44128
25293
25223
242
44654
25681
18936
19139
16129
20885
2623
19239
680
18396
37351
12632
17676
38771
38690
25155
46804
42641
18265
24728
9339
29434
8442
12779
30918
3070
45392
35118
34875
10936
35342
667
23787
26415
38527
12003
10400
49364
43538
13496
24912
6367
13354
14631
36596
14178
33256
35872
47873
41923
26919
3912
25168
35060
31672
9278
4875
36061
3200
20986
19556
39939
25729
692
32949
32396
36360
21846
49412
35119
45180
23086
34077
13263
25129
25461
42289
25159
31186
18394
47101
39238
34134
38516
19640
33746
11547
16226
49766
28391
12486
11292
30080
31885
24410
24125
1697
7210
41508
8416
13199
48385
17068
13780
32575
19377
2667
6012
49385
37961
3234
10219
7419
49403
42971
31971
1322
40774
38669
10257
5011
10859
17263
39581
43635
42295
41135
45235
48509
30175
15763
5133
11173
21273
5562
8749
27245
2524
35043
8479
41765
31458
44321
17704
38267
42420
35533
30717
6006
39440
33786
1433
13782
26848
6705
46190
20600
14687
14338
19367
21045
25973
6201
1384
2251
31956
19766
15901
42855
38273
44716
49193
40676
12680
110
2437
35676
28483
37363
30420
20676
11549
21010
37739
1638
28004
14097
9573
46298
20472
7854
40079
34867
45284
41926
4612
20955
4407
33563
34713
45614
15420
26932
44928
20799
36413
34390
18244
3099
1972
6264
12392
37067
23615
12712
21461
9187
19498
41904
3648
19709
3090
11316
10246
25832
48231
29073
16910
31824
43377
7069
45740
39597
25468
42851
9139
39517
9959
21209
47743
39859
44182
9532
24627
39556
12460
24324
49211
25507
47637
41054
16821
16170
11660
16078
21618
30309
23813
30702
49057
49793
46646
46351
31283
36807
13867
14825
3079
21008
22160
24693
36898
30580
28353
43282
9336
34423
49971
1612
44479
26658
5793
19369
49945
23701
38820
3706
41276
36456
39688
34085
22134
31566
3977
14813
35006
9513
27122
6997
7415
42462
13078
35717
46978
16595
43760
22598
2632
12970
41228
48196
24304
18344
10071
28351
22233
47124
23877
12358
46723
30392
26766
47338
886
37833
11232
41391
17974
23759
2313
24609
12112
8999
37074
14985
34395
33994
37571
29238
24731
28988
42452
16203
27307
3923
6708
9673
41776
19538
23426
41503
29519
39043
47073
5164
16174
40507
19919
21350
8506
41284
41329
28850
28215
41357
18429
23091
11801
35795
43648
1082
9425
20735
20587
11430
37709
23009
1137
29043
41504
44605
3097
14462
32123
32600
38406
8012
36967
41505
1706
34916
18453
36099
23368
42560
719
37737
24078
34034
29221
964
32355
10178
37071
22925
48646
39093
49540
29167
37762
40729
5352
36271
9955
21926
38863
4618
18071
8290
12878
28886
12979
6546
33982
16293
11685
8568
33639
35183
34622
23580
42911
11773
48152
13017
19976
5611
24009
19442
2845
3149
16016
2058
20134
35231
17703
39583
13779
26159
4071
29169
42140
25404
22573
33538
34314
19311
23303
8725
7399
41787
43165
49370
46227
22330
32407
6643
46327
18666
30263
16735
43008
38985
36088
36717
42326
8644
7763
47078
5851
13346
47429
23624
27566
28123
48696
39754
37139
30194
39743
3345
29435
41698
8837
11275
4818
29045
1725
47985
3232
27733
49278
24234
35305
25375
26610
4538
35737
21159
6644
45401
28285
31638
45829
39572
19801
3691
1796
36179
36277
3237
4649
10799
14743
21133
45145
4215
14071
10845
44651
15936
44050
14424
28879
23926
14902
7708
4416
24372
13730
5172
31233
47577
46335
22415
15031
42454
33958
17679
24436
40777
7418
41128
21614
13381
9728
39635
32380
46755
19660
24248
30404
6525
37058
40117
22950
43695
33784
29851
43803
45920
49338
35324
18738
5173
47487
31767
42750
3236
32018
29111
38941
30173
33667
27629
16073
45962
33302
8080
40077
13231
29265
15415
37465
41417
34556
44761
4642
951
48159
39284
38101
38720
36204
42225
2951
4709
9349
48950
22259
25383
15683
2629
23211
37691
2695
21201
30857
47530
6838
46476
7024
3077
15925
45723
26943
23179
10239
37886
20978
48038
19650
7058
39173
42087
15530
18560
37688
17870
37172
10250
20046
40085
38584
15487
42664
17791
4103
4839
16503
13984
12611
45881
47312
18130
9568
44007
49824
33373
19264
49002
29799
18875
41554
38092
29827
44840
28793
49575
32088
27489
24653
29737
11945
47293
12075
43031
15339
1832
34881
41824
20154
32029
22205
10477
42636
13391
42653
12510
28744
10888
22203
20585
13972
38593
21566
44200
296
17877
1268
45100
20890
42285
14747
47139
37438
8046
37875
31006
32542
5726
34082
45496
19358
41402
20888
10877
29610
40289
43486
19400
10525
4715
16924
5442
263
36517
22750
19033
45022
6524
24046
28823
6410
11785
44254
30967
38967
5940
49475
48143
14000
9845
1644
6311
22431
8930
30501
12334
26233
12843
19528
47188
16323
45605
19458
43337
31433
48637
39388
18409
44629
39785
38762
29471
36701
5768
1387
27647
8487
25675
47300
39703
6785
18135
13863
24035
26745
3445
19194
22673
12591
45293
38603
5815
17958
43049
44863
45911
32525
3816
28500
34350
13832
33197
14022
32553
18403
35522
36071
13803
46968
48945
23654
39607
24498
16101
12805
24221
19848
18115
31547
3465
8523
40033
38019
1659
33020
9949
22519
34668
41657
4063
31124
13691
12324
35276
41077
33749
40027
47928
2238
14911
10262
38263
29052
12179
30585
7365
9544
5440
21341
18553
4213
26781
5786
7531
26068
3296
1264
10150
12132
20564
16967
36292
28789
49743
5739
31612
32260
20826
32491
13310
1349
11649
37963
33512
15958
25779
11315
26638
4307
39734
11957
38103
16433
12672
37116
27236
45894
26129
16481
6056
10447
18320
1903
19032
11299
44703
28892
40280
13933
14104
47613
48812
45515
10925
13896
21419
17507
6009
10478
11983
25017
22137
36105
43203
30681
16806
28649
33245
2654
5491
20435
29102
40745
48875
9907
31075
3612
19585
40006
37577
10055
38909
39690
7712
19345
30962
9352
45071
43529
20948
44705
13945
36160
2253
7559
16674
38640
35395
36655
25414
6943
30307
30156
49138
1984
24778
33480
2123
23823
6007
21772
16888
25474
41301
7043
42553
21480
32997
2921
26047
43575
24236
45820
15454
2899
28049
3306
38269
13513
9528
23029
18197
3527
19846
21252
15409
19340
41573
27649
41642
36326
22606
42216
47348
45683
3027
6681
40529
13882
25871
40028
37053
24925
24306
22378
9761
48760
29635
35175
6840
31843
23191
29183
9353
1225
35054
7880
3288
22480
8233
2673
24883
1425
27939
9013
14474
44147
6603
3723
16356
49669
24034
5229
10046
1934
20730
22173
14789
17299
49480
13498
13772
39752
33129
41595
4687
40562
33099
23954
45749
32459
26497
40383
5790
844
12453
3433
5212
7459
43473
16890
21694
45122
30020
20157
42979
18628
3252
8114
19614
33070
37342
26926
1471
24222
5358
43524
28583
49243
37620
16543
13032
49362
35861
24767
25048
34052
26740
31288
1364
43085
7721
24680
39771
28643
46649
2545
23100
18160
24417
8216
33390
41291
6226
39674
3238
19499
49196
22817
8095
47033
10298
31786
12741
36568
30810
5422
44273
24297
42726
20273
34845
26065
48631
27488
35979
42658
44220
47836
28858
22041
48030
31245
12946
22552
24484
6121
47519
33951
21538
47213
40423
35939
10190
28784
4265
27129
7087
21218
39990
22270
14519
24620
46794
29409
8339
44824
41911
8307
753
14498
40046
75
44557
3399
29308
10188
35756
13505
9765
39023
41637
21604
49080
47288
30879
32623
45329
36376
3781
34629
29959
44828
28552
41946
18458
21795
39474
47060
9266
1090
34347
7735
20351
44541
9754
5021
49337
39204
45332
14878
2753
32913
43668
26843
4459
26491
36021
32087
5149
21947
17860
4533
34810
34163
34618
16268
20844
19575
43164
13821
18908
35688
28844
28623
20313
34179
16250
6078
45228
30244
42121
44643
24441
27769
6670
33415
4230
48640
6495
10846
5356
48138
45268
1476
19865
29146
36975
49487
37422
3871
26519
7430
23088
19678
42531
40185
12919
28434
49286
8371
33252
6233
40602
15601
26994
7173
48749
22490
38075
46588
12264
6434
22822
38231
18671
29226
7723
22745
40201
5629
47706
16829
19301
23210
22048
8548
35691
330
2827
39256
33598
24540
48595
12049
30463
4856
29346
10292
20937
31113
12470
43235
35021
46514
34043
28347
23198
29270
6589
1052
6779
23107
33426
13311
7401
47108
23060
41105
18007
21651
35454
15172
10652
31195
36509
48636
49658
8189
17361
22379
25459
33748
34548
282
42978
24041
17135
43520
9806
27989
37303
46519
35058
48115
7597
43638
44841
48820
4099
17995
39987
2431
13608
6272
40220
22747
11791
28244
815
40149
20554
30821
22998
9932
38064
7271
34153
7821
6737
17209
31348
7177
23317
22001
7379
5232
44537
22163
41862
15275
7005
28958
26521
7861
28685
16410
13999
977
24932
22145
893
40427
6318
7077
10352
43806
31749
49447
43145
13722
34278
24146
25488
7289
10627
44488
12575
761
22710
1799
41296
28148
45118
5975
22043
9095
30136
6356
20311
17111
12746
13191
32787
4866
15797
23345
29813
43416
42833
31072
43585
13144
11579
35878
2306
2339
21181
38282
34700
15610
20331
42834
25621
44168
21938
6831
37239
19242
7832
29543
49426
42305
43089
31655
28763
34258
46658
3025
19769
12231
20856
17244
43818
206
14662
33832
17606
5076
18333
2394
20616
16813
13374
36102
39132
34493
3085
24428
19454
20245
46463
23806
31522
9822
5897
27273
35705
536
3907
47457
11132
2250
39735
33970
32811
42294
49230
11695
30014
10229
10276
41091
8181
43618
39097
28847
46304
44620
11646
7706
29932
49494
136
14890
39109
33285
48539
44080
35041
47109
9565
20391
28761
15814
36085
7349
36618
15386
38330
12170
35866
38175
41520
36715
42899
30209
40472
19341
6955
565
27829
12336
16588
26470
46786
6141
15528
2752
26375
2037
38152
28981
39476
6814
31473
12516
33658
8667
3062
31988
16549
47349
30236
46135
19869
15535
16679
46966
37494
24463
15069
15425
18719
8175
29261
12560
25323
14717
13437
27492
40918
1932
2247
7178
28422
37403
46972
14672
17690
38030
2759
40625
8713
39407
19806
12752
12924
10240
12471
35575
17955
29229
43082
38001
15310
22639
47127
10406
28662
12473
4598
35653
42483
43873
12892
46771
30224
21115
9424
39096
9168
35569
38038
38556
40534
15598
3856
7662
30396
44070
25929
20990
2138
11471
1838
19257
47563
46575
43766
29351
26786
22310
20260
37268
28545
1523
26396
36339
44837
358
14199
33890
48169
15895
12287
8333
4375
26768
2191
25295
16327
25052
2340
2114
33503
48894
23775
22486
5712
40966
13397
21208
21102
47904
25831
15907
42815
4819
17363
38520
14811
47255
13226
45334
20957
13035
1867
37243
25928
36185
44595
17582
30287
42765
37337
32136
5773
45229
13727
11137
40333
16123
26873
12656
19789
2217
39991
14500
38049
46457
35957
17206
1609
48922
36184
45940
8077
30070
16790
3446
34971
30254
21034
47958
42468
7151
21867
49686
10204
7948
38971
5111
45997
7074
32030
7644
37503
48
30874
6799
34268
16441
6315
6133
10750
35596
34614
6414
10498
36382
16202
19223
7878
44495
24805
6467
15584
48764
16041
43961
6738
14013
42045
42020
46254
6296
22808
24780
33851
8025
28031
33137
43478
8530
31704
29345
10968
820
16099
1675
27480
9151
2372
38186
38349
46686
30887
21940
2875
41
11335
2868
43057
21623
35800
1108
36860
1768
40011
47397
3274
13559
38219
28814
18457
27470
45522
42107
41970
26279
26449
48404
16111
36316
29612
43059
32059
14646
2476
22960
21240
27308
2514
14946
1533
49432
26096
30665
17308
9858
30690
29742
31020
10398
6901
1180
14774
16570
42832
31621
11433
36261
12678
16715
3423
26386
22006
7741
15285
15896
37578
49256
22373
33291
4902
34968
23673
44644
46702
21490
39436
44186
1497
24413
33849
24710
8874
5903
14304
7844
10428
14270
40661
23530
3440
30478
34960
28057
49969
13107
33377
15109
832
12533
33293
803
14174
48194
14930
25887
31999
1050
36441
11313
34600
45998
16326
13557
2760
37212
46564
12819
8789
3669
39324
49093
23014
19714
16379
649
15658
26287
47360
2812
10155
21725
41231
45761
1328
21442
30493
9896
37111
15146
6081
701
47152
17117
14583
29548
8477
34747
26001
38080
8641
1606
17954
3796
21224
13438
4647
33379
16732
41990
46261
30005
21285
1189
3462
3889
35792
20845
19785
40217
29636
25901
41716
9631
11354
36657
8237
41562
47710
30139
35721
7089
13321
9933
36616
21526
42185
8264
1542
49274
11256
33793
18053
26176
41143
48831
45404
47432
10833
9446
7576
2693
37586
28564
4930
15975
14423
15326
15094
38291
49342
15054
31333
17745
32377
41295
5609
1500
39008
15751
19695
34866
2343
37515
10089
32706
41423
14421
43856
36154
20793
9716
13643
7009
31420
20589
36626
18248
4228
19225
21513
13675
27823
26187
16349
14903
19473
22603
23918
22726
3517
17834
33987
7635
3708
38623
34630
6028
20621
37828
7146
38981
48676
41362
19070
7853
5384
4426
18198
6614
12219
559
2121
41548
29424
25530
42197
48994
6019
28301
13989
27186
30437
42588
4604
11252
37315
8166
42234
38883
19950
33842
3417
18234
7450
40901
4396
20357
6522
17464
27573
10358
32660
36729
3544
1469
40360
21691
8608
44922
16171
34308
32152
25572
14947
42514
33825
14818
23676
41180
47455
3711
42463
17181
33712
14057
49578
33804
7304
6992
30991
31093
84
17754
9279
7028
47125
21816
9768
8106
12463
3432
11108
35650
16040
20299
16516
41304
39796
1927
10621
39888
3933
39727
37661
39503
39498
24698
3975
46875
42595
48960
35238
48523
15136
44091
2140
30761
1442
29486
9214
44753
9560
2960
760
6147
44338
46211
2319
32343
27055
14050
22871
7323
38510
13272
9672
20291
18537
45031
29745
20741
44784
24054
4513
22309
8980
31982
7717
7197
34161
727
32696
20748
18517
25068
29727
14319
20846
40061
13942
28044
6164
28073
30348
13280
10528
26086
11621
21557
8901
11289
30659
30797
33981
29667
42440
34113
23262
34380
3592
14196
34688
47087
48576
40416
27951
47356
14822
14431
45506
48258
46726
30981
22324
3733
25266
19582
37430
12
27078
38094
47099
24596
12941
13709
43896
11053
46754
6239
47898
29778
4076
7940
25328
38062
39306
13632
16149
16025
49272
12733
13132
32053
22015
28965
44559
43036
26963
10449
40659
14865
35333
37884
30484
34876
654
26515
32740
131
45808
9243
10259
33343
23940
33046
38142
7829
8277
29195
18108
49801
31839
18916
38388
39962
15045
31777
33019
49765
34332
17913
5239
23331
45490
32638
14780
49942
46484
43498
6998
31554
49202
30296
35485
32329
20903
41784
7613
23620
22792
48697
13525
32688
8409
21715
39700
43894
1118
40709
43193
39261
30004
29406
32395
21211
13058
44798
32150
19389
23784
38225
37286
19962
21394
12842
11974
3450
8694
36239
10170
44702
46455
38180
17532
45824
42360
47516
7405
47777
13799
31871
38553
23889
35962
30298
1806
7331
42259
42423
2063
30939
18524
42299
14577
11417
32433
33902
49763
18804
48853
13284
46167
48813
27232
9829
24422
14290
30075
23744
20099
35383
27682
20062
12410
28528
32000
11391
19553
7781
31851
26285
6194
26562
24259
10687
28195
37836
24327
26699
31444
49620
926
24995
4107
24181
36346
2022
48727
19155
34378
48219
18227
5628
44982
14363
21918
37595
688
4556
14603
26270
49038
34291
15358
14980
10602
25454
25592
44098
6695
25868
10573
38595
30216
6653
18519
26606
35890
39155
22121
11848
26264
40021
11051
22653
33439
6278
16484
10666
41347
26359
36513
15222
28578
20309
19288
18695
39720
28385
6764
29975
34226
27929
29535
44509
22812
22723
17840
2360
37919
14611
4247
7922
37118
9735
29062
35108
31504
3606
28243
14144
17037
24850
25848
26249
18791
18923
32920
39111
8312
14503
46168
20392
31350
39949
18802
33553
17110
45955
18411
1898
49323
36256
7874
30163
31117
12527
15796
17649
41791
20223
29899
40234
11065
49270
34329
16652
11102
28502
18620
21601
2608
41479
7088
7989
15604
40356
17374
47657
49246
24858
33559
19691
48265
26826
19089
21902
49226
31980
18793
5241
10084
29026
46640
42895
24794
38176
1490
4554
40182
38826
10507
34010
22219
5930
36619
17113
48586
34807
19478
5774
36281
16251
4833
32579
11761
3284
4331
26067
27400
321
3358
35239
47342
20909
3482
6139
43175
22760
14010
40402
5916
40376
20984
25577
20662
4233
30294
42467
28134
20728
16072
40139
4300
48611
18917
4205
16657
38008
8048
46363
1239
34963
9410
41292
44442
35425
16978
35593
22471
14767
6159
45047
1116
49042
43662
35678
16193
24142
5054
18725
33861
22635
9599
23617
25737
2797
13641
39612
34743
21295
8544
39507
47825
860
41413
10445
29919
29317
38136
33562
20479
8235
43807
29991
8952
5378
20209
32306
16125
46758
33892
46552
18177
34977
13576
8484
34577
47879
49851
45025
42324
31052
32562
38904
47612
43086
17482
9545
32977
26170
13954
10975
27728
12403
28728
17736
36229
37711
13109
42933
18672
49378
24894
32644
39035
13695
27561
19656
47021
19069
46175
19195
33570
46668
28412
26438
35249
13079
33815
21844
21671
1087
15374
39336
10639
28279
32671
19374
26720
45375
29067
6044
39069
47400
26454
15955
36391
35315
17890
6123
475
31379
26643
29661
46453
34983
23073
49905
49887
35825
4170
15407
47414
40683
9378
24825
37991
43755
13738
7118
7737
12194
31919
22948
47978
13386
8073
19283
10004
28324
27241
14753
41957
3770
19020
13338
43350
3998
20221
10284
3425
46212
42215
31763
33869
40641
1370
38107
47746
36200
21579
46944
48081
29826
15520
3215
9572
14207
32465
2881
39207
16259
45442
3449
21257
13233
15892
48076
37384
28829
38797
23872
33651
19995
46737
27543
39342
34691
48457
17753
46313
5732
23766
49625
5820
29362
2463
30961
48838
12646
8666
47822
24251
23568
32351
32609
43362
41256
2687
37583
32872
31426
34319
6474
24563
46128
32207
40062
42506
49415
4580
38441
46892
8648
49955
10974
15322
20650
16816
37959
32836
45779
252
42794
3406
34576
11244
22214
11005
30261
13115
9427
34655
10272
38817
34870
11117
9467
4036
28493
12266
23893
10822
4757
14876
33655
39072
7237
39433
29773
31938
9469
859
26220
37477
19336
36220
5048
10613
13744
9540
2070
2558
13893
16042
2689
1643
25783
39658
41078
21263
35192
5667
4972
15438
27857
62
3740
25653
18822
37567
46938
18305
19509
40552
36985
31362
29147
3430
20352
25040
10442
41434
6862
19817
31370
13258
23466
13227
39385
25987
9023
28928
30488
48756
15880
4159
21028
42683
31386
14438
13874
48281
11013
22758
8414
19102
28940
35365
47445
37318
24362
17335
43007
18118
1398
27866
36024
24945
8883
3885
44043
30550
39579
5222
37557
4092
2857
43096
17022
23281
8519
28855
35663
2012
22426
32182
37323
33613
24178
741
19253
25327
22537
519
22056
10279
23436
20762
10688
36799
49568
17066
15630
27640
29078
17246
36670
42944
40671
24759
40179
9818
10003
44213
47378
10677
48670
8214
12498
20052
5716
40784
15843
8014
17348
22849
18700
49473
21931
35864
2166
44882
44444
22518
32512
21298
23799
1853
38978
26898
24990
2323
7507
49007
26590
39802
1323
1920
39232
26055
35300
39590
7129
46505
43432
49567
41429
12153
46314
20596
602
12401
13702
35491
12762
8766
18691
3155
24629
28807
45240
32738
37692
1480
11673
39263
47119
29287
35345
4914
12857
46249
43048
22000
30557
24526
47655
30076
31157
5255
9514
197
1839
24364
23239
45456
29464
9632
45508
17814
21366
19787
785
7086
15523
18414
32389
9173
31146
31908
9228
1499
26544
14239
9794
1510
13811
15470
41478
1703
48248
12174
4221
29855
7367
35464
48377
19922
22577
20194
32054
25520
33582
48952
46568
39374
6169
44173
29201
44530
9927
46341
9904
14861
5450
40354
11324
25547
9897
33210
1958
24118
49117
15873
35102
46542
43438
14340
35092
17879
18867
38444
12528
27156
32143
48808
39482
12595
27906
47684
44576
3571
24803
16946
20591
13064
20163
17195
20210
7689
28330
3177
47705
36664
31676
37117
16754
33560
42206
28813
33917
26912
14380
36
42806
23380
28356
3801
32702
28083
40400
2042
42482
40307
9982
22489
32451
36366
41989
23942
20953
23763
6945
19647
4994
35428
12815
34978
32982
14794
15388
41389
25509
16573
2527
19920
17441
44865
23256
17018
11874
21347
32052
34345
17365
26087
14237
31261
10752
42708
17214
44124
44191
29423
31013
49218
3792
47775
20571
18993
6753
11236
10653
4179
16646
14685
2307
10753
45152
22861
3863
27432
18887
9817
49872
46745
30753
43565
4772
32732
7681
28050
40353
46226
49143
24071
27772
39366
8714
12953
28142
24652
29569
9120
20371
46160
23326
40057
45691
22460
42800
35245
23365
34987
37156
43052
33916
5598
2944
27298
36124
32509
9564
25443
47901
34593
9570
14282
5319
46094
2892
31103
15251
26336
32160
31797
16928
36743
25380
40078
25136
21898
39641
33393
38702
17251
47995
10321
19080
9485
46459
12096
24305
45467
35669
47044
20920
27467
47918
11364
24733
45330
10558
15016
7474
34984
36599
35298
16787
11738
24348
26726
43562
46354
1916
4349
18180
33789
23700
11119
42789
36448
12776
38229
39898
37973
11026
19140
6186
46825
43752
20255
45908
8629
11477
12882
4336
4542
34952
7469
47526
3286
10557
31460
43237
5615
12342
26357
5713
29082
38
36320
47812
34999
31404
15467
22549
4294
8381
33635
21468
36212
20872
39496
11079
42633
43633
9135
40792
23995
41521
17909
41012
23772
10788
8153
14373
20849
39438
30311
16864
12382
21818
28162
43720
31584
9024
22664
46425
24707
40809
17062
15682
3813
32938
36087
12750
29011
39910
34360
22905
30777
27993
30192
24276
47062
10468
4288
26408
32998
45282
46037
24081
46371
40362
2082
18896
37311
6089
42028
28631
39013
35100
2168
13653
21990
4796
11359
11623
44896
39420
15335
37251
21826
28433
23120
27683
15819
3081
46399
2165
18089
45439
36054
32043
4435
46013
30266
41428
14230
30122
6980
33358
43126
23690
11868
33810
1556
12042
2048
15010
11540
30606
8686
47851
34590
11718
36980
8370
10575
35836
16983
13328
49223
47313
2324
4558
6658
7753
32142
18942
26097
41343
39165
48243
12304
14919
48572
11052
882
25639
49468
22507
11902
6590
29439
10126
34997
30541
34545
4963
4346
20961
17340
48183
39398
40847
22406
10439
41874
7837
10427
12558
35463
32312
16345
23998
22891
22463
43776
8635
35769
26928
45310
6557
4564
27331
14047
25184
22364
33177
32128
22253
9613
21982
38912
25527
24147
30339
27418
370
37162
15341
26721
39095
32443
40634
5190
29887
46882
47840
27408
5439
27819
9867
47621
2095
13805
11314
40783
41832
47672
31149
28099
13499
38313
42274
3453
36057
24056
32238
339
7229
11396
44538
5413
26753
6017
30359
12088
42686
25610
16351
36810
38079
2147
4572
37527
26591
34887
30235
18946
18563
4203
15973
20059
40481
47359
39694
20922
17354
1198
11330
37868
23769
29271
10423
10424
44593
8239
4529
49938
28409
23661
4042
48412
40697
23039
18131
30099
47038
10230
36378
8902
45417
21809
32431
43433
27943
6622
45440
48750
34411
8154
42405
17079
12485
8935
42776
33429
42409
8742
22086
40940
32935
25252
20483
11735
20733
48683
11624
26548
21678
16110
4814
25826
34859
26996
39779
31631
38004
27345
31330
25870
18318
28442
27806
30567
47768
42635
44154
32785
21233
26933
45870
17721
30279
3017
24741
35445
5853
10696
17425
24126
29562
12532
6483
44532
33297
31200
46143
1331
17809
49547
1525
12496
34048
10072
34476
18919
22830
1979
31793
17055
26543
48403
36769
42505
46275
22174
28612
45237
22775
36104
31302
25702
14119
32342
9537
26349
27292
32556
39414
16470
44452
43615
19160
26731
18575
10223
35389
17855
13387
45983
32336
32667
11322
38165
19271
37921
11328
46809
46842
27459
10744
28094
4844
48319
47447
42623
29454
16510
24909
47358
450
40269
31836
41360
45504
2963
156
8928
24098
7208
45583
41798
6100
8334
17343
18243
45986
23046
15556
10258
31111
13256
42491
20421
17711
30290
34880
45482
23092
46071
40180
43651
49649
48785
33430
697
10597
28427
2745
39475
39587
24763
48048
32576
2709
6154
41559
13405
20178
28439
28531
4456
26173
30952
6259
36830
15798
43107
21670
25157
35627
16469
15257
38392
30763
10549
49118
43387
6781
46035
34763
33163
17710
18399
8326
47714
19690
42016
6982
31255
20747
33017
18346
22470
33394
41210
5872
6697
30140
18202
2260
10382
45326
24687
15320
45260
41566
33354
18230
45257
28691
30137
48817
9235
44164
30372
43543
33853
21855
39124
35905
48050
34728
30989
42798
20076
380
13721
22387
47938
49315
38144
27912
11165
2314
4808
40776
13190
48006
49017
39131
38758
5068
32516
2850
932
20451
44955
29110
29769
23059
43653
41564
28425
4956
28652
46274
24796
22707
3496
41759
5004
31047
21261
5749
23227
26587
36347
35112
44179
2305
20422
43366
5049
11247
47289
46911
36224
12686
35044
22047
4600
40889
38210
42038
8579
14033
1460
24037
43446
42001
37732
43189
18966
23207
20991
7345
12621
4890
17611
47167
34494
28730
33001
33645
33873
13073
34687
4878
31892
38775
28550
3499
49452
24130
33768
40053
26751
46927
27925
16969
40957
686
24378
42344
26024
8964
27397
21235
8463
23782
22895
8824
17670
14355
42924
16798
27355
43395
14185
43345
26680
41022
14320
5305
10104
10670
23090
3580
48715
45519
10201
1172
11560
3916
25240
46621
23949
46487
19437
46428
48883
26545
16955
32770
35989
36132
49301
21776
37396
6878
7160
30502
48934
15370
39845
40154
15485
48362
48189
177
32364
29896
24105
18708
4632
27869
34180
11062
21450
13885
14140
37632
10514
1691
11847
29755
48660
14366
34383
20940
46890
44229
2482
39042
9337
3249
48217
43542
4353
16191
28978
37233
49004
47317
44122
11251
3197
25843
32009
37704
9289
7537
24622
17932
3347
43947
44167
42026
5194
20834
28311
21043
35633
12761
48986
32873
17395
27487
34417
47163
28400
47068
38675
21865
189
44970
25605
27855
2659
17994
42151
37265
40355
38748
25191
39826
43548
33363
33514
10777
7971
48520
28017
2885
17692
21573
15309
11762
5468
42867
4621
19188
34150
17093
39121
46086
19807
21458
27301
8746
436
12754
41460
2513
24753
43700
35132
26507
38222
10872
16920
43403
42628
4559
27908
48174
20568
7573
38499
4141
48415
31164
40768
9881
24681
8072
16460
4778
33572
3971
3564
42179
2350
39670
8549
47651
15466
5477
8147
26693
46113
16647
13289
40586
36615
48119
49420
37377
24144
6313
12991
6597
43092
25808
9471
10553
7907
8578
16313
4563
49205
32839
19554
30000
8868
45085
40143
9945
8842
28320
13656
42199
19065
8083
30564
44582
7865
32002
46934
41030
43378
7203
5249
35713
1329
27155
4096
14867
14949
25880
9985
20039
33711
19928
12139
39435
43660
15622
20891
21531
15288
8655
13880
7543
22249
16564
5103
19347
8478
39691
17316
29864
16450
42572
40504
15848
1684
43992
19749
16148
37867
20404
47444
35286
44170
38387
38419
47726
21387
45265
35195
30272
48844
12420
19115
47520
21602
34106
16548
36325
10812
29219
40612
44932
21322
28063
33510
38023
43368
49174
3102
44884
11107
10024
48485
45166
24111
40639
28703
3224
8524
16292
15396
29941
5093
14413
45546
11615
24360
12072
1988
1594
18451
1166
18763
24079
16892
23804
45513
10124
22973
45445
26778
36119
31961
33603
17573
31863
41800
33999
29225
974
43757
27000
16253
341
11908
44662
17488
39966
47104
30084
31000
7700
36924
42755
3884
15636
19329
45564
25816
10617
24639
38823
9759
2808
11643
34715
39995
19753
23767
49387
32455
27609
48851
23126
11216
12030
27934
20398
33589
21386
5314
20328
42231
8782
46224
36955
20686
15590
26083
34459
12130
28009
35873
11424
25167
17349
9373
18299
9853
37761
33000
27911
13106
48130
25763
22716
29819
10867
10577
44126
8941
12226
29444
40432
3063
40349
33315
32318
8296
36909
44494
46041
23491
12363
1296
30141
38613
2504
7470
18713
23377
11208
11887
26662
6973
38190
26722
3180
14948
18525
18704
31459
20902
12435
17387
40012
36201
42332
47433
14652
10301
38545
40346
42630
28092
25838
48677
18578
46706
38898
1381
28733
11642
3674
25267
5566
40806
35248
33214
33076
21297
46725
27176
10847
41235
14754
10215
9533
47560
47617
17509
38970
13707
3842
37246
44470
41524
16704
30093
38011
32931
14203
6719
14056
11356
40556
18291
6920
7002
48428
35354
47689
35665
14548
38289
49941
30271
41212
21732
21564
2429
25797
46802
28408
42569
44257
12911
10578
7445
2421
49869
43731
13650
22299
44771
13951
8889
3644
906
6512
19942
2773
16954
36018
48792
3337
11479
7144
35701
47324
7490
4373
3443
4991
45393
12807
23157
8209
4192
27104
23528
20611
31201
2027
30497
15992
20584
3140
2342
25198
7299
14712
44443
32573
35796
38847
30977
3128
17088
12234
15115
29274
34259
46689
